county,precinct,office,district,party,candidate,votes
La Paz,051 Parker,Registered Voters,,,,3315
La Paz,051 Parker,Ballots Cast,,,,1838
La Paz,051 Parker,President,,REP,Donald J. TRUMP / JD VANCE,1072
La Paz,051 Parker,President,,DEM,Kamala D. HARRIS / Tim WALZ,734
La Paz,051 Parker,President,,LBT,Chase OLIVER / Mike ter MATT,8
La Paz,051 Parker,President,,GRN,Jill STEIN / Rudolph WARE,3
La Paz,051 Parker,President,,,Write-In Totals,3
La Paz,051 Parker,President,,,Total Votes,1820
La Paz,051 Parker,U.S. Senate,,REP,Kari LAKE,928
La Paz,051 Parker,U.S. Senate,,DEM,Ruben GALLEGO,776
La Paz,051 Parker,U.S. Senate,,GRN,Eduardo QUINTANA,77
La Paz,051 Parker,U.S. Senate,,,Write-In Totals,3
La Paz,051 Parker,U.S. Senate,,,Total Votes,1784
La Paz,051 Parker,U.S. House,9,REP,Paul Gosar,996
La Paz,051 Parker,U.S. House,9,DEM,Quacy SMITH,727
La Paz,051 Parker,U.S. House,9,,Write-In Totals,5
La Paz,051 Parker,U.S. House,9,,Total Votes,1728
La Paz,051 Parker,State House,30,REP,Leo BIASIUCCI,876
La Paz,051 Parker,State House,30,REP,John GILLETTE,848
La Paz,051 Parker,State House,30,DEM,Monica TIMBERLAKE,757
La Paz,051 Parker,State House,30,,Write-In Totals,10
La Paz,051 Parker,State House,30,,Total Votes,2491
La Paz,051 Parker,Corporation Commissioner,,REP,Rene LOPEZ,852
La Paz,051 Parker,Corporation Commissioner,,REP,Lea MARQUEZ PETERSON,759
La Paz,051 Parker,Corporation Commissioner,,REP,Rachel WALDEN,802
La Paz,051 Parker,Corporation Commissioner,,DEM,Ylenia AGUILAR,614
La Paz,051 Parker,Corporation Commissioner,,DEM,Jonathon HILL,561
La Paz,051 Parker,Corporation Commissioner,,DEM,Joshua POLACHECK,463
La Paz,051 Parker,Corporation Commissioner,,GRN,Mike CEASE,89
La Paz,051 Parker,Corporation Commissioner,,GRN,Nina LUXENBERG,87
La Paz,051 Parker,Corporation Commissioner,,,Write-In Totals,6
La Paz,051 Parker,Corporation Commissioner,,,Total Votes,4233
La Paz,051 Parker,Board of Supervisors,1,REP,David PLUNKETT,1417
La Paz,051 Parker,Board of Supervisors,1,,Write-In Totals,49
La Paz,051 Parker,Board of Supervisors,1,,Total Votes,1466
La Paz,051 Parker,County Assessor,,REP,Anna CAMACHO,998
La Paz,051 Parker,County Assessor,,IND,Vivian HARTLESS,696
La Paz,051 Parker,County Assessor,,,Write-In Totals,2
La Paz,051 Parker,County Assessor,,,Total Votes,1696
La Paz,051 Parker,County Attorney,,REP,Rachel SHACKELFORD,1375
La Paz,051 Parker,County Attorney,,,Write-In Totals,26
La Paz,051 Parker,County Attorney,,,Total Votes,1401
La Paz,051 Parker,County Recorder,,REP,Richard GARCIA,1519
La Paz,051 Parker,County Recorder,,,Write-In Totals,12
La Paz,051 Parker,County Recorder,,,Total Votes,1531
La Paz,051 Parker,County School Superintendent,,REP,Dru WAGGONER,1404
La Paz,051 Parker,County School Superintendent,,,Write-In Totals,23
La Paz,051 Parker,County School Superintendent,,,Total Votes,1427
La Paz,051 Parker,County Sheriff,,REP,William PONCE,751
La Paz,051 Parker,County Sheriff,,IND,Donald SCHLECHT,973
La Paz,051 Parker,County Sheriff,,,Write-In Totals,4
La Paz,051 Parker,County Sheriff,,,Total Votes,1728
La Paz,051 Parker,County Treasurer,,REP,Leah CASTRO,1495
La Paz,051 Parker,County Treasurer,,,Write-In Totals,21
La Paz,051 Parker,County Treasurer,,,Total Votes,1516
La Paz,051 Parker,Retain Justice-BOLICK,,,YES,1008
La Paz,051 Parker,Retain Justice-BOLICK,,,NO,471
La Paz,051 Parker,Retain Justice-BOLICK,,,Total Votes,1479
La Paz,051 Parker,Retain Justice-KING,,,YES,1069
La Paz,051 Parker,Retain Justice-KING,,,NO,444
La Paz,051 Parker,Retain Justice-KING,,,Total Votes,1513
La Paz,051 Parker,Retain Judge-FURUYA,,,YES,1071
La Paz,051 Parker,Retain Judge-FURUYA,,,NO,392
La Paz,051 Parker,Retain Judge-FURUYA,,,Total Votes,1463
La Paz,051 Parker,Parker School Board,,,Deanna BEAVER,916
La Paz,051 Parker,Parker School Board,,,Kelly A. McGUIRE,1071
La Paz,051 Parker,Parker School Board,,,Amanda RUDD,1071
La Paz,051 Parker,Parker School Board,,,Write-In Totals,7
La Paz,051 Parker,Parker School Board,,,Total Votes,2676
La Paz,051 Parker,PROPOSITION 133,,,YES,752
La Paz,051 Parker,PROPOSITION 133,,,NO,884
La Paz,051 Parker,PROPOSITION 133,,,Total Votes,1636
La Paz,051 Parker,PROPOSITION 134,,,YES,810
La Paz,051 Parker,PROPOSITION 134,,,NO,823
La Paz,051 Parker,PROPOSITION 134,,,Total Votes,1633
La Paz,051 Parker,PROPOSITION 135,,,YES,826
La Paz,051 Parker,PROPOSITION 135,,,NO,816
La Paz,051 Parker,PROPOSITION 135,,,Total Votes,1642
La Paz,051 Parker,PROPOSITION 136,,,YES,698
La Paz,051 Parker,PROPOSITION 136,,,NO,917
La Paz,051 Parker,PROPOSITION 136,,,Total Votes,1615
La Paz,051 Parker,PROPOSITION 137,,,YES,515
La Paz,051 Parker,PROPOSITION 137,,,NO,1100
La Paz,051 Parker,PROPOSITION 137,,,Total Votes,1615
La Paz,051 Parker,PROPOSITION 138,,,YES,496
La Paz,051 Parker,PROPOSITION 138,,,NO,1174
La Paz,051 Parker,PROPOSITION 138,,,Total Votes,1670
La Paz,051 Parker,PROPOSITION 139,,,YES,1054
La Paz,051 Parker,PROPOSITION 139,,,NO,664
La Paz,051 Parker,PROPOSITION 139,,,Total Votes,1718
La Paz,051 Parker,PROPOSITION 140,,,YES,773
La Paz,051 Parker,PROPOSITION 140,,,NO,886
La Paz,051 Parker,PROPOSITION 140,,,Total Votes,1659
La Paz,051 Parker,PROPOSITION 311,,,YES,1283
La Paz,051 Parker,PROPOSITION 311,,,NO,389
La Paz,051 Parker,PROPOSITION 311,,,Total Votes,1672
La Paz,051 Parker,PROPOSITION 312,,,YES,1054
La Paz,051 Parker,PROPOSITION 312,,,NO,586
La Paz,051 Parker,PROPOSITION 312,,,Total Votes,1640
La Paz,051 Parker,PROPOSITION 313,,,YES,1284
La Paz,051 Parker,PROPOSITION 313,,,NO,423
La Paz,051 Parker,PROPOSITION 313,,,Total Votes,1707
La Paz,051 Parker,PROPOSITION 314,,,YES,1179
La Paz,051 Parker,PROPOSITION 314,,,NO,491
La Paz,051 Parker,PROPOSITION 314,,,Total Votes,1670
La Paz,051 Parker,PROPOSITION 315,,,YES,778
La Paz,051 Parker,PROPOSITION 315,,,NO,810
La Paz,051 Parker,PROPOSITION 315,,,Total Votes,1588
La Paz,051 Parker,PROPOSITION 404,,,YES,703
La Paz,051 Parker,PROPOSITION 404,,,NO,405
La Paz,051 Parker,PROPOSITION 404,,,Total Votes,1108
La Paz,052 Poston,Registered Voters,,,,701
La Paz,052 Poston,Ballots Cast,,,,347
La Paz,052 Poston,President,,REP,Donald J. TRUMP / JD VANCE,137
La Paz,052 Poston,President,,DEM,Kamala D. HARRIS / Tim WALZ,206
La Paz,052 Poston,President,,LBT,Chase OLIVER / Mike ter MATT,2
La Paz,052 Poston,President,,GRN,Jill STEIN / Rudolph WARE,2
La Paz,052 Poston,President,,,Write-In Totals,0
La Paz,052 Poston,President,,,Total Votes,347
La Paz,052 Poston,U.S. Senate,,REP,Kari LAKE,114
La Paz,052 Poston,U.S. Senate,,DEM,Ruben GALLEGO,217
La Paz,052 Poston,U.S. Senate,,GRN,Eduardo QUINTANA,9
La Paz,052 Poston,U.S. Senate,,,Write-In Totals,1
La Paz,052 Poston,U.S. Senate,,,Total Votes,341
La Paz,052 Poston,U.S. House,9,REP,Paul Gosar,140
La Paz,052 Poston,U.S. House,9,DEM,Quacy SMITH,198
La Paz,052 Poston,U.S. House,9,,Write-In Totals,0
La Paz,052 Poston,U.S. House,9,,Total Votes,338
La Paz,052 Poston,State House,30,REP,Leo BIASIUCCI,129
La Paz,052 Poston,State House,30,REP,John GILLETTE,145
La Paz,052 Poston,State House,30,DEM,Monica TIMBERLAKE,207
La Paz,052 Poston,State House,30,,Write-In Totals,2
La Paz,052 Poston,State House,30,,Total Votes,483
La Paz,052 Poston,Corporation Commissioner,,REP,Rene LOPEZ,115
La Paz,052 Poston,Corporation Commissioner,,REP,Lea MARQUEZ PETERSON,107
La Paz,052 Poston,Corporation Commissioner,,REP,Rachel WALDEN,116
La Paz,052 Poston,Corporation Commissioner,,DEM,Ylenia AGUILAR,177
La Paz,052 Poston,Corporation Commissioner,,DEM,Jonathon HILL,168
La Paz,052 Poston,Corporation Commissioner,,DEM,Joshua POLACHECK,156
La Paz,052 Poston,Corporation Commissioner,,GRN,Mike CEASE,15
La Paz,052 Poston,Corporation Commissioner,,GRN,Nina LUXENBERG,15
La Paz,052 Poston,Corporation Commissioner,,,Write-In Totals,2
La Paz,052 Poston,Corporation Commissioner,,,Total Votes,871
La Paz,052 Poston,Board of Supervisors,3,REP,Holly IRWIN,258
La Paz,052 Poston,Board of Supervisors,3,,Write-In Totals,6
La Paz,052 Poston,Board of Supervisors,3,,Total Votes,347
La Paz,052 Poston,County Assessor,,REP,Anna CAMACHO,155
La Paz,052 Poston,County Assessor,,IND,Vivian HARTLESS,166
La Paz,052 Poston,County Assessor,,,Write-In Totals,0
La Paz,052 Poston,County Assessor,,,Total Votes,347
La Paz,052 Poston,County Attorney,,REP,Rachel SHACKELFORD,258
La Paz,052 Poston,County Attorney,,,Write-In Totals,7
La Paz,052 Poston,County Attorney,,,Total Votes,265
La Paz,052 Poston,County Recorder,,REP,Richard GARCIA,286
La Paz,052 Poston,County Recorder,,,Write-In Totals,5
La Paz,052 Poston,County Recorder,,,Total Votes,291
La Paz,052 Poston,County School Superintendent,,REP,Dru WAGGONER,267
La Paz,052 Poston,County School Superintendent,,,Write-In Totals,4
La Paz,052 Poston,County School Superintendent,,,Total Votes,271
La Paz,052 Poston,County Sheriff,,REP,William PONCE,172
La Paz,052 Poston,County Sheriff,,IND,Donald SCHLECHT,161
La Paz,052 Poston,County Sheriff,,,Write-In Totals,1
La Paz,052 Poston,County Sheriff,,,Total Votes,334
La Paz,052 Poston,County Treasurer,,REP,Leah CASTRO,278
La Paz,052 Poston,County Treasurer,,,Write-In Totals,3
La Paz,052 Poston,County Treasurer,,,Total Votes,281
La Paz,052 Poston,Retain Justice-BOLICK,,,YES,193
La Paz,052 Poston,Retain Justice-BOLICK,,,NO,112
La Paz,052 Poston,Retain Justice-BOLICK,,,Total Votes,305
La Paz,052 Poston,Retain Justice-KING,,,YES,201
La Paz,052 Poston,Retain Justice-KING,,,NO,106
La Paz,052 Poston,Retain Justice-KING,,,Total Votes,307
La Paz,052 Poston,Retain Judge-FURUYA,,,YES,219
La Paz,052 Poston,Retain Judge-FURUYA,,,NO,85
La Paz,052 Poston,Retain Judge-FURUYA,,,Total Votes,304
La Paz,052 Poston,Parker School Board,,,Deanna BEAVER,168
La Paz,052 Poston,Parker School Board,,,Kelly A. McGUIRE,232
La Paz,052 Poston,Parker School Board,,,Amanda RUDD,232
La Paz,052 Poston,Parker School Board,,,Write-In Totals,4
La Paz,052 Poston,Parker School Board,,,Total Votes,543
La Paz,052 Poston,PROPOSITION 133,,,YES,120
La Paz,052 Poston,PROPOSITION 133,,,NO,198
La Paz,052 Poston,PROPOSITION 133,,,Total Votes,318
La Paz,052 Poston,PROPOSITION 134,,,YES,129
La Paz,052 Poston,PROPOSITION 134,,,NO,189
La Paz,052 Poston,PROPOSITION 134,,,Total Votes,318
La Paz,052 Poston,PROPOSITION 135,,,YES,147
La Paz,052 Poston,PROPOSITION 135,,,NO,175
La Paz,052 Poston,PROPOSITION 135,,,Total Votes,322
La Paz,052 Poston,PROPOSITION 136,,,YES,109
La Paz,052 Poston,PROPOSITION 136,,,NO,214
La Paz,052 Poston,PROPOSITION 136,,,Total Votes,323
La Paz,052 Poston,PROPOSITION 137,,,YES,110
La Paz,052 Poston,PROPOSITION 137,,,NO,207
La Paz,052 Poston,PROPOSITION 137,,,Total Votes,317
La Paz,052 Poston,PROPOSITION 138,,,YES,96
La Paz,052 Poston,PROPOSITION 138,,,NO,226
La Paz,052 Poston,PROPOSITION 138,,,Total Votes,322
La Paz,052 Poston,PROPOSITION 139,,,YES,229
La Paz,052 Poston,PROPOSITION 139,,,NO,106
La Paz,052 Poston,PROPOSITION 139,,,Total Votes,335
La Paz,052 Poston,PROPOSITION 140,,,YES,167
La Paz,052 Poston,PROPOSITION 140,,,NO,150
La Paz,052 Poston,PROPOSITION 140,,,Total Votes,317
La Paz,052 Poston,PROPOSITION 311,,,YES,239
La Paz,052 Poston,PROPOSITION 311,,,NO,84
La Paz,052 Poston,PROPOSITION 311,,,Total Votes,323
La Paz,052 Poston,PROPOSITION 312,,,YES,173
La Paz,052 Poston,PROPOSITION 312,,,NO,143
La Paz,052 Poston,PROPOSITION 312,,,Total Votes,316
La Paz,052 Poston,PROPOSITION 313,,,YES,231
La Paz,052 Poston,PROPOSITION 313,,,NO,94
La Paz,052 Poston,PROPOSITION 313,,,Total Votes,325
La Paz,052 Poston,PROPOSITION 314,,,YES,185
La Paz,052 Poston,PROPOSITION 314,,,NO,140
La Paz,052 Poston,PROPOSITION 314,,,Total Votes,325
La Paz,052 Poston,PROPOSITION 315,,,YES,132
La Paz,052 Poston,PROPOSITION 315,,,NO,183
La Paz,052 Poston,PROPOSITION 315,,,Total Votes,315
La Paz,054 Upriver,Registered Voters,,,,2399
La Paz,054 Upriver,Ballots Cast,,,,1523
La Paz,054 Upriver,President,,REP,Donald J. TRUMP / JD VANCE,1222
La Paz,054 Upriver,President,,DEM,Kamala D. HARRIS / Tim WALZ,280
La Paz,054 Upriver,President,,LBT,Chase OLIVER / Mike ter MATT,2
La Paz,054 Upriver,President,,GRN,Jill STEIN / Rudolph WARE,4
La Paz,054 Upriver,President,,,Write-In Totals,5
La Paz,054 Upriver,President,,,Total Votes,1513
La Paz,054 Upriver,U.S. Senate,,REP,Kari LAKE,1142
La Paz,054 Upriver,U.S. Senate,,DEM,Ruben GALLEGO,320
La Paz,054 Upriver,U.S. Senate,,GRN,Eduardo QUINTANA,30
La Paz,054 Upriver,U.S. Senate,,,Write-In Totals,3
La Paz,054 Upriver,U.S. Senate,,,Total Votes,1495
La Paz,054 Upriver,U.S. House,9,REP,Paul Gosar,1170
La Paz,054 Upriver,U.S. House,9,DEM,Quacy SMITH,279
La Paz,054 Upriver,U.S. House,9,,Write-In Totals,3
La Paz,054 Upriver,U.S. House,9,,Total Votes,1452
La Paz,054 Upriver,State House,30,REP,Leo BIASIUCCI,1003
La Paz,054 Upriver,State House,30,REP,John GILLETTE,965
La Paz,054 Upriver,State House,30,DEM,Monica TIMBERLAKE,284
La Paz,054 Upriver,State House,30,,Write-In Totals,2
La Paz,054 Upriver,State House,30,,Total Votes,2254
La Paz,054 Upriver,Corporation Commissioner,,REP,Rene LOPEZ,936
La Paz,054 Upriver,Corporation Commissioner,,REP,Lea MARQUEZ PETERSON,902
La Paz,054 Upriver,Corporation Commissioner,,REP,Rachel WALDEN,1045
La Paz,054 Upriver,Corporation Commissioner,,DEM,Ylenia AGUILAR,218
La Paz,054 Upriver,Corporation Commissioner,,DEM,Jonathon HILL,226
La Paz,054 Upriver,Corporation Commissioner,,DEM,Joshua POLACHECK,207
La Paz,054 Upriver,Corporation Commissioner,,GRN,Mike CEASE,36
La Paz,054 Upriver,Corporation Commissioner,,GRN,Nina LUXENBERG,36
La Paz,054 Upriver,Corporation Commissioner,,,Write-In Totals,2
La Paz,054 Upriver,Corporation Commissioner,,,Total Votes,3608
La Paz,054 Upriver,Board of Supervisors,2,REP,Duce MINOR,1166
La Paz,054 Upriver,Board of Supervisors,2,,Write-In Totals,57
La Paz,054 Upriver,Board of Supervisors,2,,Total Votes,1223
La Paz,054 Upriver,County Assessor,,REP,Anna CAMACHO,976
La Paz,054 Upriver,County Assessor,,IND,Vivian HARTLESS,424
La Paz,054 Upriver,County Assessor,,,Write-In Totals,0
La Paz,054 Upriver,County Assessor,,,Total Votes,1521
La Paz,054 Upriver,County Attorney,,REP,Rachel SHACKELFORD,1231
La Paz,054 Upriver,County Attorney,,,Write-In Totals,9
La Paz,054 Upriver,County Attorney,,,Total Votes,1240
La Paz,054 Upriver,County Recorder,,REP,Richard GARCIA,1273
La Paz,054 Upriver,County Recorder,,,Write-In Totals,5
La Paz,054 Upriver,County Recorder,,,Total Votes,1278
La Paz,054 Upriver,County School Superintendent,,REP,Dru WAGGONER,1242
La Paz,054 Upriver,County School Superintendent,,,Write-In Totals,10
La Paz,054 Upriver,County School Superintendent,,,Total Votes,1252
La Paz,054 Upriver,County Sheriff,,REP,William PONCE,683
La Paz,054 Upriver,County Sheriff,,IND,Donald SCHLECHT,751
La Paz,054 Upriver,County Sheriff,,,Write-In Totals,2
La Paz,054 Upriver,County Sheriff,,,Total Votes,1436
La Paz,054 Upriver,County Treasurer,,REP,Leah CASTRO,1294
La Paz,054 Upriver,County Treasurer,,,Write-In Totals,10
La Paz,054 Upriver,County Treasurer,,,Total Votes,1304
La Paz,054 Upriver,Retain Justice-BOLICK,,,YES,922
La Paz,054 Upriver,Retain Justice-BOLICK,,,NO,264
La Paz,054 Upriver,Retain Justice-BOLICK,,,Total Votes,1186
La Paz,054 Upriver,Retain Justice-KING,,,YES,947
La Paz,054 Upriver,Retain Justice-KING,,,NO,256
La Paz,054 Upriver,Retain Justice-KING,,,Total Votes,1203
La Paz,054 Upriver,Retain Judge-FURUYA,,,YES,918
La Paz,054 Upriver,Retain Judge-FURUYA,,,NO,261
La Paz,054 Upriver,Retain Judge-FURUYA,,,Total Votes,1179
La Paz,054 Upriver,Parker School Board,,,Deanna BEAVER,709
La Paz,054 Upriver,Parker School Board,,,Kelly A. McGUIRE,668
La Paz,054 Upriver,Parker School Board,,,Amanda RUDD,668
La Paz,054 Upriver,Parker School Board,,,Write-In Totals,5
La Paz,054 Upriver,Parker School Board,,,Total Votes,1947
La Paz,054 Upriver,Buckskin Fire Board,,,Chris CHAMBERS,976
La Paz,054 Upriver,Buckskin Fire Board,,,Jeff DANIEL,617
La Paz,054 Upriver,Buckskin Fire Board,,,Lara LeROY,375
La Paz,054 Upriver,Buckskin Fire Board,,,Regina MARTINEZ,365
La Paz,054 Upriver,Buckskin Fire Board,,,Wayne POSEY,450
La Paz,054 Upriver,Buckskin Fire Board,,,Write-In Totals,11
La Paz,054 Upriver,Buckskin Fire Board,,,Total Votes,2794
La Paz,054 Upriver,PROPOSITION 133,,,YES,603
La Paz,054 Upriver,PROPOSITION 133,,,NO,713
La Paz,054 Upriver,PROPOSITION 133,,,Total Votes,1316
La Paz,054 Upriver,PROPOSITION 134,,,YES,691
La Paz,054 Upriver,PROPOSITION 134,,,NO,629
La Paz,054 Upriver,PROPOSITION 134,,,Total Votes,1320
La Paz,054 Upriver,PROPOSITION 135,,,YES,706
La Paz,054 Upriver,PROPOSITION 135,,,NO,638
La Paz,054 Upriver,PROPOSITION 135,,,Total Votes,1344
La Paz,054 Upriver,PROPOSITION 136,,,YES,559
La Paz,054 Upriver,PROPOSITION 136,,,NO,766
La Paz,054 Upriver,PROPOSITION 136,,,Total Votes,1325
La Paz,054 Upriver,PROPOSITION 137,,,YES,361
La Paz,054 Upriver,PROPOSITION 137,,,NO,962
La Paz,054 Upriver,PROPOSITION 137,,,Total Votes,1323
La Paz,054 Upriver,PROPOSITION 138,,,YES,370
La Paz,054 Upriver,PROPOSITION 138,,,NO,1009
La Paz,054 Upriver,PROPOSITION 138,,,Total Votes,1379
La Paz,054 Upriver,PROPOSITION 139,,,YES,730
La Paz,054 Upriver,PROPOSITION 139,,,NO,663
La Paz,054 Upriver,PROPOSITION 139,,,Total Votes,1393
La Paz,054 Upriver,PROPOSITION 140,,,YES,554
La Paz,054 Upriver,PROPOSITION 140,,,NO,799
La Paz,054 Upriver,PROPOSITION 140,,,Total Votes,1353
La Paz,054 Upriver,PROPOSITION 311,,,YES,1030
La Paz,054 Upriver,PROPOSITION 311,,,NO,342
La Paz,054 Upriver,PROPOSITION 311,,,Total Votes,1372
La Paz,054 Upriver,PROPOSITION 312,,,YES,904
La Paz,054 Upriver,PROPOSITION 312,,,NO,444
La Paz,054 Upriver,PROPOSITION 312,,,Total Votes,1348
La Paz,054 Upriver,PROPOSITION 313,,,YES,1044
La Paz,054 Upriver,PROPOSITION 313,,,NO,341
La Paz,054 Upriver,PROPOSITION 313,,,Total Votes,1385
La Paz,054 Upriver,PROPOSITION 314,,,YES,1158
La Paz,054 Upriver,PROPOSITION 314,,,NO,237
La Paz,054 Upriver,PROPOSITION 314,,,Total Votes,1395
La Paz,054 Upriver,PROPOSITION 315,,,YES,714
La Paz,054 Upriver,PROPOSITION 315,,,NO,597
La Paz,054 Upriver,PROPOSITION 315,,,Total Votes,1311
La Paz,055 Bouse,Registered Voters,,,,753
La Paz,055 Bouse,Ballots Cast,,,,551
La Paz,055 Bouse,President,,REP,Donald J. TRUMP / JD VANCE,444
La Paz,055 Bouse,President,,DEM,Kamala D. HARRIS / Tim WALZ,97
La Paz,055 Bouse,President,,LBT,Chase OLIVER / Mike ter MATT,1
La Paz,055 Bouse,President,,GRN,Jill STEIN / Rudolph WARE,2
La Paz,055 Bouse,President,,,Write-In Totals,1
La Paz,055 Bouse,President,,,Total Votes,545
La Paz,055 Bouse,U.S. Senate,,REP,Kari LAKE,411
La Paz,055 Bouse,U.S. Senate,,DEM,Ruben GALLEGO,113
La Paz,055 Bouse,U.S. Senate,,GRN,Eduardo QUINTANA,11
La Paz,055 Bouse,U.S. Senate,,,Write-In Totals,0
La Paz,055 Bouse,U.S. Senate,,,Total Votes,535
La Paz,055 Bouse,U.S. House,9,REP,Paul Gosar,429
La Paz,055 Bouse,U.S. House,9,DEM,Quacy SMITH,100
La Paz,055 Bouse,U.S. House,9,,Write-In Totals,0
La Paz,055 Bouse,U.S. House,9,,Total Votes,529
La Paz,055 Bouse,State House,30,REP,Leo BIASIUCCI,326
La Paz,055 Bouse,State House,30,REP,John GILLETTE,377
La Paz,055 Bouse,State House,30,DEM,Monica TIMBERLAKE,104
La Paz,055 Bouse,State House,30,,Write-In Totals,0
La Paz,055 Bouse,State House,30,,Total Votes,807
La Paz,055 Bouse,Corporation Commissioner,,REP,Rene LOPEZ,350
La Paz,055 Bouse,Corporation Commissioner,,REP,Lea MARQUEZ PETERSON,333
La Paz,055 Bouse,Corporation Commissioner,,REP,Rachel WALDEN,376
La Paz,055 Bouse,Corporation Commissioner,,DEM,Ylenia AGUILAR,93
La Paz,055 Bouse,Corporation Commissioner,,DEM,Jonathon HILL,79
La Paz,055 Bouse,Corporation Commissioner,,DEM,Joshua POLACHECK,72
La Paz,055 Bouse,Corporation Commissioner,,GRN,Mike CEASE,11
La Paz,055 Bouse,Corporation Commissioner,,GRN,Nina LUXENBERG,6
La Paz,055 Bouse,Corporation Commissioner,,,Write-In Totals,0
La Paz,055 Bouse,Corporation Commissioner,,,Total Votes,1320
La Paz,055 Bouse,Board of Supervisors,2,REP,Duce MINOR,389
La Paz,055 Bouse,Board of Supervisors,2,,Write-In Totals,40
La Paz,055 Bouse,Board of Supervisors,2,,Total Votes,429
La Paz,055 Bouse,County Assessor,,REP,Anna CAMACHO,417
La Paz,055 Bouse,County Assessor,,IND,Vivian HARTLESS,100
La Paz,055 Bouse,County Assessor,,,Write-In Totals,0
La Paz,055 Bouse,County Assessor,,,Total Votes,551
La Paz,055 Bouse,County Attorney,,REP,Rachel SHACKELFORD,447
La Paz,055 Bouse,County Attorney,,,Write-In Totals,0
La Paz,055 Bouse,County Attorney,,,Total Votes,447
La Paz,055 Bouse,County Recorder,,REP,Richard GARCIA,480
La Paz,055 Bouse,County Recorder,,,Write-In Totals,0
La Paz,055 Bouse,County Recorder,,,Total Votes,480
La Paz,055 Bouse,County School Superintendent,,REP,Dru WAGGONER,456
La Paz,055 Bouse,County School Superintendent,,,Write-In Totals,1
La Paz,055 Bouse,County School Superintendent,,,Total Votes,457
La Paz,055 Bouse,County Sheriff,,REP,William PONCE,318
La Paz,055 Bouse,County Sheriff,,IND,Donald SCHLECHT,200
La Paz,055 Bouse,County Sheriff,,,Write-In Totals,1
La Paz,055 Bouse,County Sheriff,,,Total Votes,519
La Paz,055 Bouse,County Treasurer,,REP,Leah CASTRO,477
La Paz,055 Bouse,County Treasurer,,,Write-In Totals,0
La Paz,055 Bouse,County Treasurer,,,Total Votes,477
La Paz,055 Bouse,Retain Justice-BOLICK,,,YES,348
La Paz,055 Bouse,Retain Justice-BOLICK,,,NO,106
La Paz,055 Bouse,Retain Justice-BOLICK,,,Total Votes,454
La Paz,055 Bouse,Retain Justice-KING,,,YES,349
La Paz,055 Bouse,Retain Justice-KING,,,NO,107
La Paz,055 Bouse,Retain Justice-KING,,,Total Votes,456
La Paz,055 Bouse,Retain Judge-FURUYA,,,YES,349
La Paz,055 Bouse,Retain Judge-FURUYA,,,NO,106
La Paz,055 Bouse,Retain Judge-FURUYA,,,Total Votes,455
La Paz,055 Bouse,PROPOSITION 133,,,YES,244
La Paz,055 Bouse,PROPOSITION 133,,,NO,257
La Paz,055 Bouse,PROPOSITION 133,,,Total Votes,501
La Paz,055 Bouse,PROPOSITION 134,,,YES,278
La Paz,055 Bouse,PROPOSITION 134,,,NO,224
La Paz,055 Bouse,PROPOSITION 134,,,Total Votes,502
La Paz,055 Bouse,PROPOSITION 135,,,YES,286
La Paz,055 Bouse,PROPOSITION 135,,,NO,221
La Paz,055 Bouse,PROPOSITION 135,,,Total Votes,507
La Paz,055 Bouse,PROPOSITION 136,,,YES,217
La Paz,055 Bouse,PROPOSITION 136,,,NO,279
La Paz,055 Bouse,PROPOSITION 136,,,Total Votes,496
La Paz,055 Bouse,PROPOSITION 137,,,YES,133
La Paz,055 Bouse,PROPOSITION 137,,,NO,365
La Paz,055 Bouse,PROPOSITION 137,,,Total Votes,498
La Paz,055 Bouse,PROPOSITION 138,,,YES,124
La Paz,055 Bouse,PROPOSITION 138,,,NO,384
La Paz,055 Bouse,PROPOSITION 138,,,Total Votes,508
La Paz,055 Bouse,PROPOSITION 139,,,YES,249
La Paz,055 Bouse,PROPOSITION 139,,,NO,276
La Paz,055 Bouse,PROPOSITION 139,,,Total Votes,525
La Paz,055 Bouse,PROPOSITION 140,,,YES,218
La Paz,055 Bouse,PROPOSITION 140,,,NO,294
La Paz,055 Bouse,PROPOSITION 140,,,Total Votes,512
La Paz,055 Bouse,PROPOSITION 311,,,YES,381
La Paz,055 Bouse,PROPOSITION 311,,,NO,129
La Paz,055 Bouse,PROPOSITION 311,,,Total Votes,510
La Paz,055 Bouse,PROPOSITION 312,,,YES,320
La Paz,055 Bouse,PROPOSITION 312,,,NO,182
La Paz,055 Bouse,PROPOSITION 312,,,Total Votes,502
La Paz,055 Bouse,PROPOSITION 313,,,YES,392
La Paz,055 Bouse,PROPOSITION 313,,,NO,123
La Paz,055 Bouse,PROPOSITION 313,,,Total Votes,515
La Paz,055 Bouse,PROPOSITION 314,,,YES,415
La Paz,055 Bouse,PROPOSITION 314,,,NO,100
La Paz,055 Bouse,PROPOSITION 314,,,Total Votes,515
La Paz,055 Bouse,PROPOSITION 315,,,YES,264
La Paz,055 Bouse,PROPOSITION 315,,,NO,225
La Paz,055 Bouse,PROPOSITION 315,,,Total Votes,489
La Paz,056 Wenden,Registered Voters,,,,245
La Paz,056 Wenden,Ballots Cast,,,,146
La Paz,056 Wenden,President,,REP,Donald J. TRUMP / JD VANCE,95
La Paz,056 Wenden,President,,DEM,Kamala D. HARRIS / Tim WALZ,45
La Paz,056 Wenden,President,,LBT,Chase OLIVER / Mike ter MATT,1
La Paz,056 Wenden,President,,GRN,Jill STEIN / Rudolph WARE,1
La Paz,056 Wenden,President,,,Write-In Totals,1
La Paz,056 Wenden,President,,,Total Votes,143
La Paz,056 Wenden,U.S. Senate,,REP,Kari LAKE,89
La Paz,056 Wenden,U.S. Senate,,DEM,Ruben GALLEGO,49
La Paz,056 Wenden,U.S. Senate,,GRN,Eduardo QUINTANA,6
La Paz,056 Wenden,U.S. Senate,,,Write-In Totals,0
La Paz,056 Wenden,U.S. Senate,,,Total Votes,144
La Paz,056 Wenden,U.S. House,9,REP,Paul Gosar,95
La Paz,056 Wenden,U.S. House,9,DEM,Quacy SMITH,45
La Paz,056 Wenden,U.S. House,9,,Write-In Totals,1
La Paz,056 Wenden,U.S. House,9,,Total Votes,141
La Paz,056 Wenden,State House,30,REP,Leo BIASIUCCI,83
La Paz,056 Wenden,State House,30,REP,John GILLETTE,78
La Paz,056 Wenden,State House,30,DEM,Monica TIMBERLAKE,44
La Paz,056 Wenden,State House,30,,Write-In Totals,1
La Paz,056 Wenden,State House,30,,Total Votes,206
La Paz,056 Wenden,Corporation Commissioner,,REP,Rene LOPEZ,72
La Paz,056 Wenden,Corporation Commissioner,,REP,Lea MARQUEZ PETERSON,75
La Paz,056 Wenden,Corporation Commissioner,,REP,Rachel WALDEN,85
La Paz,056 Wenden,Corporation Commissioner,,DEM,Ylenia AGUILAR,43
La Paz,056 Wenden,Corporation Commissioner,,DEM,Jonathon HILL,35
La Paz,056 Wenden,Corporation Commissioner,,DEM,Joshua POLACHECK,40
La Paz,056 Wenden,Corporation Commissioner,,GRN,Mike CEASE,4
La Paz,056 Wenden,Corporation Commissioner,,GRN,Nina LUXENBERG,7
La Paz,056 Wenden,Corporation Commissioner,,,Write-In Totals,1
La Paz,056 Wenden,Corporation Commissioner,,,Total Votes,362
La Paz,056 Wenden,Board of Supervisors,2,REP,Duce MINOR,0
La Paz,056 Wenden,Board of Supervisors,2,,Write-In Totals,0
La Paz,056 Wenden,Board of Supervisors,2,,Total Votes,0
La Paz,056 Wenden,Board of Supervisors,3,REP,Holly IRWIN,113
La Paz,056 Wenden,Board of Supervisors,3,,Write-In Totals,3
La Paz,056 Wenden,Board of Supervisors,3,,Total Votes,146
La Paz,056 Wenden,County Assessor,,REP,Anna CAMACHO,103
La Paz,056 Wenden,County Assessor,,IND,Vivian HARTLESS,23
La Paz,056 Wenden,County Assessor,,,Write-In Totals,4
La Paz,056 Wenden,County Assessor,,,Total Votes,146
La Paz,056 Wenden,County Attorney,,REP,Rachel SHACKELFORD,109
La Paz,056 Wenden,County Attorney,,,Write-In Totals,3
La Paz,056 Wenden,County Attorney,,,Total Votes,112
La Paz,056 Wenden,County Recorder,,REP,Richard GARCIA,116
La Paz,056 Wenden,County Recorder,,,Write-In Totals,3
La Paz,056 Wenden,County Recorder,,,Total Votes,119
La Paz,056 Wenden,County School Superintendent,,REP,Dru WAGGONER,113
La Paz,056 Wenden,County School Superintendent,,,Write-In Totals,3
La Paz,056 Wenden,County School Superintendent,,,Total Votes,116
La Paz,056 Wenden,County Sheriff,,REP,William PONCE,102
La Paz,056 Wenden,County Sheriff,,IND,Donald SCHLECHT,25
La Paz,056 Wenden,County Sheriff,,,Write-In Totals,2
La Paz,056 Wenden,County Sheriff,,,Total Votes,129
La Paz,056 Wenden,County Treasurer,,REP,Leah CASTRO,115
La Paz,056 Wenden,County Treasurer,,,Write-In Totals,3
La Paz,056 Wenden,County Treasurer,,,Total Votes,118
La Paz,056 Wenden,Retain Justice-BOLICK,,,YES,83
La Paz,056 Wenden,Retain Justice-BOLICK,,,NO,25
La Paz,056 Wenden,Retain Justice-BOLICK,,,Total Votes,108
La Paz,056 Wenden,Retain Justice-KING,,,YES,91
La Paz,056 Wenden,Retain Justice-KING,,,NO,24
La Paz,056 Wenden,Retain Justice-KING,,,Total Votes,115
La Paz,056 Wenden,Retain Judge-FURUYA,,,YES,91
La Paz,056 Wenden,Retain Judge-FURUYA,,,NO,25
La Paz,056 Wenden,Retain Judge-FURUYA,,,Total Votes,116
La Paz,056 Wenden,PROPOSITION 133,,,YES,52
La Paz,056 Wenden,PROPOSITION 133,,,NO,79
La Paz,056 Wenden,PROPOSITION 133,,,Total Votes,131
La Paz,056 Wenden,PROPOSITION 134,,,YES,60
La Paz,056 Wenden,PROPOSITION 134,,,NO,73
La Paz,056 Wenden,PROPOSITION 134,,,Total Votes,133
La Paz,056 Wenden,PROPOSITION 135,,,YES,73
La Paz,056 Wenden,PROPOSITION 135,,,NO,61
La Paz,056 Wenden,PROPOSITION 135,,,Total Votes,134
La Paz,056 Wenden,PROPOSITION 136,,,YES,56
La Paz,056 Wenden,PROPOSITION 136,,,NO,76
La Paz,056 Wenden,PROPOSITION 136,,,Total Votes,132
La Paz,056 Wenden,PROPOSITION 137,,,YES,37
La Paz,056 Wenden,PROPOSITION 137,,,NO,95
La Paz,056 Wenden,PROPOSITION 137,,,Total Votes,132
La Paz,056 Wenden,PROPOSITION 138,,,YES,39
La Paz,056 Wenden,PROPOSITION 138,,,NO,96
La Paz,056 Wenden,PROPOSITION 138,,,Total Votes,135
La Paz,056 Wenden,PROPOSITION 139,,,YES,81
La Paz,056 Wenden,PROPOSITION 139,,,NO,55
La Paz,056 Wenden,PROPOSITION 139,,,Total Votes,136
La Paz,056 Wenden,PROPOSITION 140,,,YES,60
La Paz,056 Wenden,PROPOSITION 140,,,NO,72
La Paz,056 Wenden,PROPOSITION 140,,,Total Votes,132
La Paz,056 Wenden,PROPOSITION 311,,,YES,112
La Paz,056 Wenden,PROPOSITION 311,,,NO,22
La Paz,056 Wenden,PROPOSITION 311,,,Total Votes,134
La Paz,056 Wenden,PROPOSITION 312,,,YES,96
La Paz,056 Wenden,PROPOSITION 312,,,NO,37
La Paz,056 Wenden,PROPOSITION 312,,,Total Votes,133
La Paz,056 Wenden,PROPOSITION 313,,,YES,96
La Paz,056 Wenden,PROPOSITION 313,,,NO,41
La Paz,056 Wenden,PROPOSITION 313,,,Total Votes,137
La Paz,056 Wenden,PROPOSITION 314,,,YES,91
La Paz,056 Wenden,PROPOSITION 314,,,NO,43
La Paz,056 Wenden,PROPOSITION 314,,,Total Votes,134
La Paz,056 Wenden,PROPOSITION 315,,,YES,69
La Paz,056 Wenden,PROPOSITION 315,,,NO,62
La Paz,056 Wenden,PROPOSITION 315,,,Total Votes,131
La Paz,057 Salome,Registered Voters,,,,1266
La Paz,057 Salome,Ballots Cast,,,,925
La Paz,057 Salome,President,,REP,Donald J. TRUMP / JD VANCE,719
La Paz,057 Salome,President,,DEM,Kamala D. HARRIS / Tim WALZ,186
La Paz,057 Salome,President,,LBT,Chase OLIVER / Mike ter MATT,6
La Paz,057 Salome,President,,GRN,Jill STEIN / Rudolph WARE,4
La Paz,057 Salome,President,,,Write-In Totals,4
La Paz,057 Salome,President,,,Total Votes,919
La Paz,057 Salome,U.S. Senate,,REP,Kari LAKE,656
La Paz,057 Salome,U.S. Senate,,DEM,Ruben GALLEGO,219
La Paz,057 Salome,U.S. Senate,,GRN,Eduardo QUINTANA,31
La Paz,057 Salome,U.S. Senate,,,Write-In Totals,3
La Paz,057 Salome,U.S. Senate,,,Total Votes,909
La Paz,057 Salome,U.S. House,9,REP,Paul Gosar,696
La Paz,057 Salome,U.S. House,9,DEM,Quacy SMITH,178
La Paz,057 Salome,U.S. House,9,,Write-In Totals,4
La Paz,057 Salome,U.S. House,9,,Total Votes,878
La Paz,057 Salome,State House,30,REP,Leo BIASIUCCI,499
La Paz,057 Salome,State House,30,REP,John GILLETTE,626
La Paz,057 Salome,State House,30,DEM,Monica TIMBERLAKE,175
La Paz,057 Salome,State House,30,,Write-In Totals,4
La Paz,057 Salome,State House,30,,Total Votes,1304
La Paz,057 Salome,Corporation Commissioner,,REP,Rene LOPEZ,556
La Paz,057 Salome,Corporation Commissioner,,REP,Lea MARQUEZ PETERSON,525
La Paz,057 Salome,Corporation Commissioner,,REP,Rachel WALDEN,622
La Paz,057 Salome,Corporation Commissioner,,DEM,Ylenia AGUILAR,138
La Paz,057 Salome,Corporation Commissioner,,DEM,Jonathon HILL,143
La Paz,057 Salome,Corporation Commissioner,,DEM,Joshua POLACHECK,120
La Paz,057 Salome,Corporation Commissioner,,GRN,Mike CEASE,25
La Paz,057 Salome,Corporation Commissioner,,GRN,Nina LUXENBERG,32
La Paz,057 Salome,Corporation Commissioner,,,Write-In Totals,6
La Paz,057 Salome,Corporation Commissioner,,,Total Votes,2167
La Paz,057 Salome,Board of Supervisors,3,REP,Holly IRWIN,749
La Paz,057 Salome,Board of Supervisors,3,,Write-In Totals,6
La Paz,057 Salome,Board of Supervisors,3,,Total Votes,924
La Paz,057 Salome,County Assessor,,REP,Anna CAMACHO,700
La Paz,057 Salome,County Assessor,,IND,Vivian HARTLESS,147
La Paz,057 Salome,County Assessor,,,Write-In Totals,2
La Paz,057 Salome,County Assessor,,,Total Votes,924
La Paz,057 Salome,County Attorney,,REP,Rachel SHACKELFORD,739
La Paz,057 Salome,County Attorney,,,Write-In Totals,7
La Paz,057 Salome,County Attorney,,,Total Votes,746
La Paz,057 Salome,County Recorder,,REP,Richard GARCIA,768
La Paz,057 Salome,County Recorder,,,Write-In Totals,1
La Paz,057 Salome,County Recorder,,,Total Votes,769
La Paz,057 Salome,County School Superintendent,,REP,Dru WAGGONER,739
La Paz,057 Salome,County School Superintendent,,,Write-In Totals,5
La Paz,057 Salome,County School Superintendent,,,Total Votes,744
La Paz,057 Salome,County Sheriff,,REP,William PONCE,682
La Paz,057 Salome,County Sheriff,,IND,Donald SCHLECHT,182
La Paz,057 Salome,County Sheriff,,,Write-In Totals,1
La Paz,057 Salome,County Sheriff,,,Total Votes,865
La Paz,057 Salome,County Treasurer,,REP,Leah CASTRO,768
La Paz,057 Salome,County Treasurer,,,Write-In Totals,3
La Paz,057 Salome,County Treasurer,,,Total Votes,771
La Paz,057 Salome,Retain Justice-BOLICK,,,YES,538
La Paz,057 Salome,Retain Justice-BOLICK,,,NO,189
La Paz,057 Salome,Retain Justice-BOLICK,,,Total Votes,727
La Paz,057 Salome,Retain Justice-KING,,,YES,553
La Paz,057 Salome,Retain Justice-KING,,,NO,184
La Paz,057 Salome,Retain Justice-KING,,,Total Votes,737
La Paz,057 Salome,Retain Judge-FURUYA,,,YES,542
La Paz,057 Salome,Retain Judge-FURUYA,,,NO,189
La Paz,057 Salome,Retain Judge-FURUYA,,,Total Votes,731
La Paz,057 Salome,PROPOSITION 133,,,YES,408
La Paz,057 Salome,PROPOSITION 133,,,NO,423
La Paz,057 Salome,PROPOSITION 133,,,Total Votes,831
La Paz,057 Salome,PROPOSITION 134,,,YES,425
La Paz,057 Salome,PROPOSITION 134,,,NO,409
La Paz,057 Salome,PROPOSITION 134,,,Total Votes,834
La Paz,057 Salome,PROPOSITION 135,,,YES,464
La Paz,057 Salome,PROPOSITION 135,,,NO,376
La Paz,057 Salome,PROPOSITION 135,,,Total Votes,640
La Paz,057 Salome,PROPOSITION 136,,,YES,367
La Paz,057 Salome,PROPOSITION 136,,,NO,456
La Paz,057 Salome,PROPOSITION 136,,,Total Votes,823
La Paz,057 Salome,PROPOSITION 137,,,YES,229
La Paz,057 Salome,PROPOSITION 137,,,NO,597
La Paz,057 Salome,PROPOSITION 137,,,Total Votes,826
La Paz,057 Salome,PROPOSITION 138,,,YES,217
La Paz,057 Salome,PROPOSITION 138,,,NO,627
La Paz,057 Salome,PROPOSITION 138,,,Total Votes,844
La Paz,057 Salome,PROPOSITION 139,,,YES,442
La Paz,057 Salome,PROPOSITION 139,,,NO,430
La Paz,057 Salome,PROPOSITION 139,,,Total Votes,872
La Paz,057 Salome,PROPOSITION 140,,,YES,377
La Paz,057 Salome,PROPOSITION 140,,,NO,470
La Paz,057 Salome,PROPOSITION 140,,,Total Votes,847
La Paz,057 Salome,PROPOSITION 311,,,YES,699
La Paz,057 Salome,PROPOSITION 311,,,NO,165
La Paz,057 Salome,PROPOSITION 311,,,Total Votes,864
La Paz,057 Salome,PROPOSITION 312,,,YES,594
La Paz,057 Salome,PROPOSITION 312,,,NO,238
La Paz,057 Salome,PROPOSITION 312,,,Total Votes,832
La Paz,057 Salome,PROPOSITION 313,,,YES,667
La Paz,057 Salome,PROPOSITION 313,,,NO,205
La Paz,057 Salome,PROPOSITION 313,,,Total Votes,872
La Paz,057 Salome,PROPOSITION 314,,,YES,718
La Paz,057 Salome,PROPOSITION 314,,,NO,147
La Paz,057 Salome,PROPOSITION 314,,,Total Votes,865
La Paz,057 Salome,PROPOSITION 315,,,YES,466
La Paz,057 Salome,PROPOSITION 315,,,NO,353
La Paz,057 Salome,PROPOSITION 315,,,Total Votes,819
La Paz,058 Quartzsite Two,Registered Voters,,,,1653
La Paz,058 Quartzsite Two,Ballots Cast,,,,1097
La Paz,058 Quartzsite Two,President,,REP,Donald J. TRUMP / JD VANCE,805
La Paz,058 Quartzsite Two,President,,DEM,Kamala D. HARRIS / Tim WALZ,272
La Paz,058 Quartzsite Two,President,,LBT,Chase OLIVER / Mike ter MATT,4
La Paz,058 Quartzsite Two,President,,GRN,Jill STEIN / Rudolph WARE,3
La Paz,058 Quartzsite Two,President,,,Write-In Totals,3
La Paz,058 Quartzsite Two,President,,,Total Votes,1087
La Paz,058 Quartzsite Two,U.S. Senate,,REP,Kari LAKE,736
La Paz,058 Quartzsite Two,U.S. Senate,,DEM,Ruben GALLEGO,295
La Paz,058 Quartzsite Two,U.S. Senate,,GRN,Eduardo QUINTANA,34
La Paz,058 Quartzsite Two,U.S. Senate,,,Write-In Totals,2
La Paz,058 Quartzsite Two,U.S. Senate,,,Total Votes,1067
La Paz,058 Quartzsite Two,U.S. House,9,REP,Paul Gosar,793
La Paz,058 Quartzsite Two,U.S. House,9,DEM,Quacy SMITH,261
La Paz,058 Quartzsite Two,U.S. House,9,,Write-In Totals,1
La Paz,058 Quartzsite Two,U.S. House,9,,Total Votes,1055
La Paz,058 Quartzsite Two,State House,30,REP,Leo BIASIUCCI,660
La Paz,058 Quartzsite Two,State House,30,REP,John GILLETTE,635
La Paz,058 Quartzsite Two,State House,30,DEM,Monica TIMBERLAKE,271
La Paz,058 Quartzsite Two,State House,30,,Write-In Totals,5
La Paz,058 Quartzsite Two,State House,30,,Total Votes,1571
La Paz,058 Quartzsite Two,Corporation Commissioner,,REP,Rene LOPEZ,622
La Paz,058 Quartzsite Two,Corporation Commissioner,,REP,Lea MARQUEZ PETERSON,641
La Paz,058 Quartzsite Two,Corporation Commissioner,,REP,Rachel WALDEN,695
La Paz,058 Quartzsite Two,Corporation Commissioner,,DEM,Ylenia AGUILAR,214
La Paz,058 Quartzsite Two,Corporation Commissioner,,DEM,Jonathon HILL,225
La Paz,058 Quartzsite Two,Corporation Commissioner,,DEM,Joshua POLACHECK,186
La Paz,058 Quartzsite Two,Corporation Commissioner,,GRN,Mike CEASE,35
La Paz,058 Quartzsite Two,Corporation Commissioner,,GRN,Nina LUXENBERG,29
La Paz,058 Quartzsite Two,Corporation Commissioner,,,Write-In Totals,3
La Paz,058 Quartzsite Two,Corporation Commissioner,,,Total Votes,2650
La Paz,058 Quartzsite Two,Board of Supervisors,2,REP,Duce MINOR,814
La Paz,058 Quartzsite Two,Board of Supervisors,2,,Write-In Totals,31
La Paz,058 Quartzsite Two,Board of Supervisors,2,,Total Votes,845
La Paz,058 Quartzsite Two,County Assessor,,REP,Anna CAMACHO,756
La Paz,058 Quartzsite Two,County Assessor,,IND,Vivian HARTLESS,213
La Paz,058 Quartzsite Two,County Assessor,,,Write-In Totals,0
La Paz,058 Quartzsite Two,County Assessor,,,Total Votes,1092
La Paz,058 Quartzsite Two,County Attorney,,REP,Rachel SHACKELFORD,857
La Paz,058 Quartzsite Two,County Attorney,,,Write-In Totals,7
La Paz,058 Quartzsite Two,County Attorney,,,Total Votes,864
La Paz,058 Quartzsite Two,County Recorder,,REP,Richard GARCIA,874
La Paz,058 Quartzsite Two,County Recorder,,,Write-In Totals,6
La Paz,058 Quartzsite Two,County Recorder,,,Total Votes,880
La Paz,058 Quartzsite Two,County School Superintendent,,REP,Dru WAGGONER,857
La Paz,058 Quartzsite Two,County School Superintendent,,,Write-In Totals,6
La Paz,058 Quartzsite Two,County School Superintendent,,,Total Votes,863
La Paz,058 Quartzsite Two,County Sheriff,,REP,William PONCE,817
La Paz,058 Quartzsite Two,County Sheriff,,IND,Donald SCHLECHT,200
La Paz,058 Quartzsite Two,County Sheriff,,,Write-In Totals,0
La Paz,058 Quartzsite Two,County Sheriff,,,Total Votes,1017
La Paz,058 Quartzsite Two,County Treasurer,,REP,Leah CASTRO,872
La Paz,058 Quartzsite Two,County Treasurer,,,Write-In Totals,7
La Paz,058 Quartzsite Two,County Treasurer,,,Total Votes,879
La Paz,058 Quartzsite Two,Retain Justice-BOLICK,,,YES,635
La Paz,058 Quartzsite Two,Retain Justice-BOLICK,,,NO,211
La Paz,058 Quartzsite Two,Retain Justice-BOLICK,,,Total Votes,846
La Paz,058 Quartzsite Two,Retain Justice-KING,,,YES,663
La Paz,058 Quartzsite Two,Retain Justice-KING,,,NO,201
La Paz,058 Quartzsite Two,Retain Justice-KING,,,Total Votes,864
La Paz,058 Quartzsite Two,Retain Judge-FURUYA,,,YES,669
La Paz,058 Quartzsite Two,Retain Judge-FURUYA,,,NO,175
La Paz,058 Quartzsite Two,Retain Judge-FURUYA,,,Total Votes,844
La Paz,058 Quartzsite Two,Quartzsite Elem School Board,,,Brenda BURKS,561
La Paz,058 Quartzsite Two,Quartzsite Elem School Board,,,Kianie KING,383
La Paz,058 Quartzsite Two,Quartzsite Elem School Board,,,Tomi PECINI,420
La Paz,058 Quartzsite Two,Quartzsite Elem School Board,,,Sandra RAMSEY,434
La Paz,058 Quartzsite Two,Quartzsite Elem School Board,,,Write-In Totals,9
La Paz,058 Quartzsite Two,Quartzsite Elem School Board,,,Total Votes,1807
La Paz,058 Quartzsite Two,PROPOSITION 133,,,YES,484
La Paz,058 Quartzsite Two,PROPOSITION 133,,,NO,484
La Paz,058 Quartzsite Two,PROPOSITION 133,,,Total Votes,968
La Paz,058 Quartzsite Two,PROPOSITION 134,,,YES,487
La Paz,058 Quartzsite Two,PROPOSITION 134,,,NO,478
La Paz,058 Quartzsite Two,PROPOSITION 134,,,Total Votes,965
La Paz,058 Quartzsite Two,PROPOSITION 135,,,YES,540
La Paz,058 Quartzsite Two,PROPOSITION 135,,,NO,438
La Paz,058 Quartzsite Two,PROPOSITION 135,,,Total Votes,978
La Paz,058 Quartzsite Two,PROPOSITION 136,,,YES,425
La Paz,058 Quartzsite Two,PROPOSITION 136,,,NO,527
La Paz,058 Quartzsite Two,PROPOSITION 136,,,Total Votes,952
La Paz,058 Quartzsite Two,PROPOSITION 137,,,YES,231
La Paz,058 Quartzsite Two,PROPOSITION 137,,,NO,727
La Paz,058 Quartzsite Two,PROPOSITION 137,,,Total Votes,958
La Paz,058 Quartzsite Two,PROPOSITION 138,,,YES,232
La Paz,058 Quartzsite Two,PROPOSITION 138,,,NO,742
La Paz,058 Quartzsite Two,PROPOSITION 138,,,Total Votes,974
La Paz,058 Quartzsite Two,PROPOSITION 139,,,YES,516
La Paz,058 Quartzsite Two,PROPOSITION 139,,,NO,492
La Paz,058 Quartzsite Two,PROPOSITION 139,,,Total Votes,1008
La Paz,058 Quartzsite Two,PROPOSITION 140,,,YES,456
La Paz,058 Quartzsite Two,PROPOSITION 140,,,NO,529
La Paz,058 Quartzsite Two,PROPOSITION 140,,,Total Votes,985
La Paz,058 Quartzsite Two,PROPOSITION 311,,,YES,733
La Paz,058 Quartzsite Two,PROPOSITION 311,,,NO,259
La Paz,058 Quartzsite Two,PROPOSITION 311,,,Total Votes,992
La Paz,058 Quartzsite Two,PROPOSITION 312,,,YES,625
La Paz,058 Quartzsite Two,PROPOSITION 312,,,NO,340
La Paz,058 Quartzsite Two,PROPOSITION 312,,,Total Votes,965
La Paz,058 Quartzsite Two,PROPOSITION 313,,,YES,745
La Paz,058 Quartzsite Two,PROPOSITION 313,,,NO,252
La Paz,058 Quartzsite Two,PROPOSITION 313,,,Total Votes,997
La Paz,058 Quartzsite Two,PROPOSITION 314,,,YES,780
La Paz,058 Quartzsite Two,PROPOSITION 314,,,NO,215
La Paz,058 Quartzsite Two,PROPOSITION 314,,,Total Votes,995
La Paz,058 Quartzsite Two,PROPOSITION 315,,,YES,501
La Paz,058 Quartzsite Two,PROPOSITION 315,,,NO,450
La Paz,058 Quartzsite Two,PROPOSITION 315,,,Total Votes,951
La Paz,058 Quartzsite Two,PROPOSITION 402,,,YES,681
La Paz,058 Quartzsite Two,PROPOSITION 402,,,NO,315
La Paz,058 Quartzsite Two,PROPOSITION 402,,,Total Votes,996
La Paz,059 Cobola,Registered Voters,,,,158
La Paz,059 Cobola,Ballots Cast,,,,94
La Paz,059 Cobola,President,,REP,Donald J. TRUMP / JD VANCE,76
La Paz,059 Cobola,President,,DEM,Kamala D. HARRIS / Tim WALZ,17
La Paz,059 Cobola,President,,LBT,Chase OLIVER / Mike ter MATT,0
La Paz,059 Cobola,President,,GRN,Jill STEIN / Rudolph WARE,0
La Paz,059 Cobola,President,,,Write-In Totals,0
La Paz,059 Cobola,President,,,Total Votes,93
La Paz,059 Cobola,U.S. Senate,,REP,Kari LAKE,72
La Paz,059 Cobola,U.S. Senate,,DEM,Ruben GALLEGO,19
La Paz,059 Cobola,U.S. Senate,,GRN,Eduardo QUINTANA,2
La Paz,059 Cobola,U.S. Senate,,,Write-In Totals,0
La Paz,059 Cobola,U.S. Senate,,,Total Votes,93
La Paz,059 Cobola,U.S. House,9,REP,Paul Gosar,73
La Paz,059 Cobola,U.S. House,9,DEM,Quacy SMITH,15
La Paz,059 Cobola,U.S. House,9,,Write-In Totals,0
La Paz,059 Cobola,U.S. House,9,,Total Votes,88
La Paz,059 Cobola,State House,30,REP,Leo BIASIUCCI,49
La Paz,059 Cobola,State House,30,REP,John GILLETTE,69
La Paz,059 Cobola,State House,30,DEM,Monica TIMBERLAKE,16
La Paz,059 Cobola,State House,30,,Write-In Totals,0
La Paz,059 Cobola,State House,30,,Total Votes,134
La Paz,059 Cobola,Corporation Commissioner,,REP,Rene LOPEZ,59
La Paz,059 Cobola,Corporation Commissioner,,REP,Lea MARQUEZ PETERSON,56
La Paz,059 Cobola,Corporation Commissioner,,REP,Rachel WALDEN,64
La Paz,059 Cobola,Corporation Commissioner,,DEM,Ylenia AGUILAR,13
La Paz,059 Cobola,Corporation Commissioner,,DEM,Jonathon HILL,12
La Paz,059 Cobola,Corporation Commissioner,,DEM,Joshua POLACHECK,10
La Paz,059 Cobola,Corporation Commissioner,,GRN,Mike CEASE,2
La Paz,059 Cobola,Corporation Commissioner,,GRN,Nina LUXENBERG,5
La Paz,059 Cobola,Corporation Commissioner,,,Write-In Totals,0
La Paz,059 Cobola,Corporation Commissioner,,,Total Votes,221
La Paz,059 Cobola,Board of Supervisors,3,REP,Holly IRWIN,74
La Paz,059 Cobola,Board of Supervisors,3,,Write-In Totals,2
La Paz,059 Cobola,Board of Supervisors,3,,Total Votes,94
La Paz,059 Cobola,County Assessor,,REP,Anna CAMACHO,67
La Paz,059 Cobola,County Assessor,,IND,Vivian HARTLESS,14
La Paz,059 Cobola,County Assessor,,,Write-In Totals,0
La Paz,059 Cobola,County Assessor,,,Total Votes,94
La Paz,059 Cobola,County Attorney,,REP,Rachel SHACKELFORD,72
La Paz,059 Cobola,County Attorney,,,Write-In Totals,1
La Paz,059 Cobola,County Attorney,,,Total Votes,73
La Paz,059 Cobola,County Recorder,,REP,Richard GARCIA,71
La Paz,059 Cobola,County Recorder,,,Write-In Totals,1
La Paz,059 Cobola,County Recorder,,,Total Votes,72
La Paz,059 Cobola,County School Superintendent,,REP,Dru WAGGONER,73
La Paz,059 Cobola,County School Superintendent,,,Write-In Totals,1
La Paz,059 Cobola,County School Superintendent,,,Total Votes,74
La Paz,059 Cobola,County Sheriff,,REP,William PONCE,71
La Paz,059 Cobola,County Sheriff,,IND,Donald SCHLECHT,17
La Paz,059 Cobola,County Sheriff,,,Write-In Totals,1
La Paz,059 Cobola,County Sheriff,,,Total Votes,89
La Paz,059 Cobola,County Treasurer,,REP,Leah CASTRO,76
La Paz,059 Cobola,County Treasurer,,,Write-In Totals,1
La Paz,059 Cobola,County Treasurer,,,Total Votes,77
La Paz,059 Cobola,Retain Justice-BOLICK,,,YES,55
La Paz,059 Cobola,Retain Justice-BOLICK,,,NO,15
La Paz,059 Cobola,Retain Justice-BOLICK,,,Total Votes,70
La Paz,059 Cobola,Retain Justice-KING,,,YES,59
La Paz,059 Cobola,Retain Justice-KING,,,NO,12
La Paz,059 Cobola,Retain Justice-KING,,,Total Votes,71
La Paz,059 Cobola,Retain Judge-FURUYA,,,YES,52
La Paz,059 Cobola,Retain Judge-FURUYA,,,NO,13
La Paz,059 Cobola,Retain Judge-FURUYA,,,Total Votes,65
La Paz,059 Cobola,Quartzsite Elem School Board,,,Brenda BURKS,28
La Paz,059 Cobola,Quartzsite Elem School Board,,,Kianie KING,27
La Paz,059 Cobola,Quartzsite Elem School Board,,,Tomi PECINI,28
La Paz,059 Cobola,Quartzsite Elem School Board,,,Sandra RAMSEY,35
La Paz,059 Cobola,Quartzsite Elem School Board,,,Write-In Totals,0
La Paz,059 Cobola,Quartzsite Elem School Board,,,Total Votes,118
La Paz,059 Cobola,PROPOSITION 133,,,YES,37
La Paz,059 Cobola,PROPOSITION 133,,,NO,39
La Paz,059 Cobola,PROPOSITION 133,,,Total Votes,76
La Paz,059 Cobola,PROPOSITION 134,,,YES,41
La Paz,059 Cobola,PROPOSITION 134,,,NO,37
La Paz,059 Cobola,PROPOSITION 134,,,Total Votes,78
La Paz,059 Cobola,PROPOSITION 135,,,YES,43
La Paz,059 Cobola,PROPOSITION 135,,,NO,35
La Paz,059 Cobola,PROPOSITION 135,,,Total Votes,78
La Paz,059 Cobola,PROPOSITION 136,,,YES,32
La Paz,059 Cobola,PROPOSITION 136,,,NO,43
La Paz,059 Cobola,PROPOSITION 136,,,Total Votes,75
La Paz,059 Cobola,PROPOSITION 137,,,YES,22
La Paz,059 Cobola,PROPOSITION 137,,,NO,54
La Paz,059 Cobola,PROPOSITION 137,,,Total Votes,76
La Paz,059 Cobola,PROPOSITION 138,,,YES,14
La Paz,059 Cobola,PROPOSITION 138,,,NO,62
La Paz,059 Cobola,PROPOSITION 138,,,Total Votes,76
La Paz,059 Cobola,PROPOSITION 139,,,YES,44
La Paz,059 Cobola,PROPOSITION 139,,,NO,37
La Paz,059 Cobola,PROPOSITION 139,,,Total Votes,81
La Paz,059 Cobola,PROPOSITION 140,,,YES,35
La Paz,059 Cobola,PROPOSITION 140,,,NO,43
La Paz,059 Cobola,PROPOSITION 140,,,Total Votes,78
La Paz,059 Cobola,PROPOSITION 311,,,YES,61
La Paz,059 Cobola,PROPOSITION 311,,,NO,22
La Paz,059 Cobola,PROPOSITION 311,,,Total Votes,83
La Paz,059 Cobola,PROPOSITION 312,,,YES,52
La Paz,059 Cobola,PROPOSITION 312,,,NO,26
La Paz,059 Cobola,PROPOSITION 312,,,Total Votes,78
La Paz,059 Cobola,PROPOSITION 313,,,YES,62
La Paz,059 Cobola,PROPOSITION 313,,,NO,21
La Paz,059 Cobola,PROPOSITION 313,,,Total Votes,83
La Paz,059 Cobola,PROPOSITION 314,,,YES,66
La Paz,059 Cobola,PROPOSITION 314,,,NO,13
La Paz,059 Cobola,PROPOSITION 314,,,Total Votes,79
La Paz,059 Cobola,PROPOSITION 315,,,YES,36
La Paz,059 Cobola,PROPOSITION 315,,,NO,39
La Paz,059 Cobola,PROPOSITION 315,,,Total Votes,75
La Paz,060 Ehrenberg,Registered Voters,,,,741
La Paz,060 Ehrenberg,Ballots Cast,,,,375
La Paz,060 Ehrenberg,President,,REP,Donald J. TRUMP / JD VANCE,306
La Paz,060 Ehrenberg,President,,DEM,Kamala D. HARRIS / Tim WALZ,63
La Paz,060 Ehrenberg,President,,LBT,Chase OLIVER / Mike ter MATT,3
La Paz,060 Ehrenberg,President,,GRN,Jill STEIN / Rudolph WARE,2
La Paz,060 Ehrenberg,President,,,Write-In Totals,1
La Paz,060 Ehrenberg,President,,,Total Votes,375
La Paz,060 Ehrenberg,U.S. Senate,,REP,Kari LAKE,291
La Paz,060 Ehrenberg,U.S. Senate,,DEM,Ruben GALLEGO,70
La Paz,060 Ehrenberg,U.S. Senate,,GRN,Eduardo QUINTANA,10
La Paz,060 Ehrenberg,U.S. Senate,,,Write-In Totals,0
La Paz,060 Ehrenberg,U.S. Senate,,,Total Votes,371
La Paz,060 Ehrenberg,U.S. House,9,REP,Paul Gosar,288
La Paz,060 Ehrenberg,U.S. House,9,DEM,Quacy SMITH,70
La Paz,060 Ehrenberg,U.S. House,9,,Write-In Totals,0
La Paz,060 Ehrenberg,U.S. House,9,,Total Votes,358
La Paz,060 Ehrenberg,State House,30,REP,Leo BIASIUCCI,228
La Paz,060 Ehrenberg,State House,30,REP,John GILLETTE,247
La Paz,060 Ehrenberg,State House,30,DEM,Monica TIMBERLAKE,72
La Paz,060 Ehrenberg,State House,30,,Write-In Totals,0
La Paz,060 Ehrenberg,State House,30,,Total Votes,547
La Paz,060 Ehrenberg,Corporation Commissioner,,REP,Rene LOPEZ,222
La Paz,060 Ehrenberg,Corporation Commissioner,,REP,Lea MARQUEZ PETERSON,214
La Paz,060 Ehrenberg,Corporation Commissioner,,REP,Rachel WALDEN,250
La Paz,060 Ehrenberg,Corporation Commissioner,,DEM,Ylenia AGUILAR,60
La Paz,060 Ehrenberg,Corporation Commissioner,,DEM,Jonathon HILL,44
La Paz,060 Ehrenberg,Corporation Commissioner,,DEM,Joshua POLACHECK,42
La Paz,060 Ehrenberg,Corporation Commissioner,,GRN,Mike CEASE,11
La Paz,060 Ehrenberg,Corporation Commissioner,,GRN,Nina LUXENBERG,15
La Paz,060 Ehrenberg,Corporation Commissioner,,,Write-In Totals,0
La Paz,060 Ehrenberg,Corporation Commissioner,,,Total Votes,858
La Paz,060 Ehrenberg,Board of Supervisors,3,REP,Holly IRWIN,289
La Paz,060 Ehrenberg,Board of Supervisors,3,,Write-In Totals,15
La Paz,060 Ehrenberg,Board of Supervisors,3,,Total Votes,374
La Paz,060 Ehrenberg,County Assessor,,REP,Anna CAMACHO,279
La Paz,060 Ehrenberg,County Assessor,,IND,Vivian HARTLESS,60
La Paz,060 Ehrenberg,County Assessor,,,Write-In Totals,1
La Paz,060 Ehrenberg,County Assessor,,,Total Votes,374
La Paz,060 Ehrenberg,County Attorney,,REP,Rachel SHACKELFORD,305
La Paz,060 Ehrenberg,County Attorney,,,Write-In Totals,3
La Paz,060 Ehrenberg,County Attorney,,,Total Votes,308
La Paz,060 Ehrenberg,County Recorder,,REP,Richard GARCIA,313
La Paz,060 Ehrenberg,County Recorder,,,Write-In Totals,1
La Paz,060 Ehrenberg,County Recorder,,,Total Votes,314
La Paz,060 Ehrenberg,County School Superintendent,,REP,Dru WAGGONER,309
La Paz,060 Ehrenberg,County School Superintendent,,,Write-In Totals,1
La Paz,060 Ehrenberg,County School Superintendent,,,Total Votes,310
La Paz,060 Ehrenberg,County Sheriff,,REP,William PONCE,261
La Paz,060 Ehrenberg,County Sheriff,,IND,Donald SCHLECHT,89
La Paz,060 Ehrenberg,County Sheriff,,,Write-In Totals,4
La Paz,060 Ehrenberg,County Sheriff,,,Total Votes,354
La Paz,060 Ehrenberg,County Treasurer,,REP,Leah CASTRO,317
La Paz,060 Ehrenberg,County Treasurer,,,Write-In Totals,1
La Paz,060 Ehrenberg,County Treasurer,,,Total Votes,318
La Paz,060 Ehrenberg,Retain Justice-BOLICK,,,YES,223
La Paz,060 Ehrenberg,Retain Justice-BOLICK,,,NO,72
La Paz,060 Ehrenberg,Retain Justice-BOLICK,,,Total Votes,295
La Paz,060 Ehrenberg,Retain Justice-KING,,,YES,228
La Paz,060 Ehrenberg,Retain Justice-KING,,,NO,72
La Paz,060 Ehrenberg,Retain Justice-KING,,,Total Votes,300
La Paz,060 Ehrenberg,Retain Judge-FURUYA,,,YES,229
La Paz,060 Ehrenberg,Retain Judge-FURUYA,,,NO,69
La Paz,060 Ehrenberg,Retain Judge-FURUYA,,,Total Votes,298
La Paz,060 Ehrenberg,Quartzsite Elem School Board,,,Brenda BURKS,162
La Paz,060 Ehrenberg,Quartzsite Elem School Board,,,Kianie KING,171
La Paz,060 Ehrenberg,Quartzsite Elem School Board,,,Tomi PECINI,140
La Paz,060 Ehrenberg,Quartzsite Elem School Board,,,Sandra RAMSEY,155
La Paz,060 Ehrenberg,Quartzsite Elem School Board,,,Write-In Totals,0
La Paz,060 Ehrenberg,Quartzsite Elem School Board,,,Total Votes,628
La Paz,060 Ehrenberg,PROPOSITION 133,,,YES,144
La Paz,060 Ehrenberg,PROPOSITION 133,,,NO,196
La Paz,060 Ehrenberg,PROPOSITION 133,,,Total Votes,340
La Paz,060 Ehrenberg,PROPOSITION 134,,,YES,178
La Paz,060 Ehrenberg,PROPOSITION 134,,,NO,165
La Paz,060 Ehrenberg,PROPOSITION 134,,,Total Votes,343
La Paz,060 Ehrenberg,PROPOSITION 135,,,YES,195
La Paz,060 Ehrenberg,PROPOSITION 135,,,NO,147
La Paz,060 Ehrenberg,PROPOSITION 135,,,Total Votes,342
La Paz,060 Ehrenberg,PROPOSITION 136,,,YES,161
La Paz,060 Ehrenberg,PROPOSITION 136,,,NO,179
La Paz,060 Ehrenberg,PROPOSITION 136,,,Total Votes,340
La Paz,060 Ehrenberg,PROPOSITION 137,,,YES,114
La Paz,060 Ehrenberg,PROPOSITION 137,,,NO,222
La Paz,060 Ehrenberg,PROPOSITION 137,,,Total Votes,336
La Paz,060 Ehrenberg,PROPOSITION 138,,,YES,86
La Paz,060 Ehrenberg,PROPOSITION 138,,,NO,256
La Paz,060 Ehrenberg,PROPOSITION 138,,,Total Votes,342
La Paz,060 Ehrenberg,PROPOSITION 139,,,YES,174
La Paz,060 Ehrenberg,PROPOSITION 139,,,NO,179
La Paz,060 Ehrenberg,PROPOSITION 139,,,Total Votes,353
La Paz,060 Ehrenberg,PROPOSITION 140,,,YES,161
La Paz,060 Ehrenberg,PROPOSITION 140,,,NO,182
La Paz,060 Ehrenberg,PROPOSITION 140,,,Total Votes,343
La Paz,060 Ehrenberg,PROPOSITION 311,,,YES,267
La Paz,060 Ehrenberg,PROPOSITION 311,,,NO,75
La Paz,060 Ehrenberg,PROPOSITION 311,,,Total Votes,342
La Paz,060 Ehrenberg,PROPOSITION 312,,,YES,239
La Paz,060 Ehrenberg,PROPOSITION 312,,,NO,98
La Paz,060 Ehrenberg,PROPOSITION 312,,,Total Votes,337
La Paz,060 Ehrenberg,PROPOSITION 313,,,YES,277
La Paz,060 Ehrenberg,PROPOSITION 313,,,NO,72
La Paz,060 Ehrenberg,PROPOSITION 313,,,Total Votes,349
La Paz,060 Ehrenberg,PROPOSITION 314,,,YES,294
La Paz,060 Ehrenberg,PROPOSITION 314,,,NO,56
La Paz,060 Ehrenberg,PROPOSITION 314,,,Total Votes,350
La Paz,060 Ehrenberg,PROPOSITION 315,,,YES,182
La Paz,060 Ehrenberg,PROPOSITION 315,,,NO,155
La Paz,060 Ehrenberg,PROPOSITION 315,,,Total Votes,337
La Paz,062 Vicksburg,Registered Voters,,,,292
La Paz,062 Vicksburg,Ballots Cast,,,,208
La Paz,062 Vicksburg,President,,REP,Donald J. TRUMP / JD VANCE,165
La Paz,062 Vicksburg,President,,DEM,Kamala D. HARRIS / Tim WALZ,40
La Paz,062 Vicksburg,President,,LBT,Chase OLIVER / Mike ter MATT,0
La Paz,062 Vicksburg,President,,GRN,Jill STEIN / Rudolph WARE,2
La Paz,062 Vicksburg,President,,,Write-In Totals,0
La Paz,062 Vicksburg,President,,,Total Votes,207
La Paz,062 Vicksburg,U.S. Senate,,REP,Kari LAKE,155
La Paz,062 Vicksburg,U.S. Senate,,DEM,Ruben GALLEGO,44
La Paz,062 Vicksburg,U.S. Senate,,GRN,Eduardo QUINTANA,4
La Paz,062 Vicksburg,U.S. Senate,,,Write-In Totals,0
La Paz,062 Vicksburg,U.S. Senate,,,Total Votes,203
La Paz,062 Vicksburg,U.S. House,9,REP,Paul Gosar,161
La Paz,062 Vicksburg,U.S. House,9,DEM,Quacy SMITH,40
La Paz,062 Vicksburg,U.S. House,9,,Write-In Totals,0
La Paz,062 Vicksburg,U.S. House,9,,Total Votes,201
La Paz,062 Vicksburg,State House,30,REP,Leo BIASIUCCI,122
La Paz,062 Vicksburg,State House,30,REP,John GILLETTE,148
La Paz,062 Vicksburg,State House,30,DEM,Monica TIMBERLAKE,43
La Paz,062 Vicksburg,State House,30,,Write-In Totals,0
La Paz,062 Vicksburg,State House,30,,Total Votes,313
La Paz,062 Vicksburg,Corporation Commissioner,,REP,Rene LOPEZ,134
La Paz,062 Vicksburg,Corporation Commissioner,,REP,Lea MARQUEZ PETERSON,132
La Paz,062 Vicksburg,Corporation Commissioner,,REP,Rachel WALDEN,145
La Paz,062 Vicksburg,Corporation Commissioner,,DEM,Ylenia AGUILAR,33
La Paz,062 Vicksburg,Corporation Commissioner,,DEM,Jonathon HILL,38
La Paz,062 Vicksburg,Corporation Commissioner,,DEM,Joshua POLACHECK,32
La Paz,062 Vicksburg,Corporation Commissioner,,GRN,Mike CEASE,7
La Paz,062 Vicksburg,Corporation Commissioner,,GRN,Nina LUXENBERG,8
La Paz,062 Vicksburg,Corporation Commissioner,,,Write-In Totals,0
La Paz,062 Vicksburg,Corporation Commissioner,,,Total Votes,529
La Paz,062 Vicksburg,Board of Supervisors,2,REP,Duce MINOR,166
La Paz,062 Vicksburg,Board of Supervisors,2,,Write-In Totals,1
La Paz,062 Vicksburg,Board of Supervisors,2,,Total Votes,167
La Paz,062 Vicksburg,County Assessor,,REP,Anna CAMACHO,156
La Paz,062 Vicksburg,County Assessor,,IND,Vivian HARTLESS,37
La Paz,062 Vicksburg,County Assessor,,,Write-In Totals,0
La Paz,062 Vicksburg,County Assessor,,,Total Votes,208
La Paz,062 Vicksburg,County Attorney,,REP,Rachel SHACKELFORD,172
La Paz,062 Vicksburg,County Attorney,,,Write-In Totals,0
La Paz,062 Vicksburg,County Attorney,,,Total Votes,172
La Paz,062 Vicksburg,County Recorder,,REP,Richard GARCIA,179
La Paz,062 Vicksburg,County Recorder,,,Write-In Totals,0
La Paz,062 Vicksburg,County Recorder,,,Total Votes,179
La Paz,062 Vicksburg,County School Superintendent,,REP,Dru WAGGONER,175
La Paz,062 Vicksburg,County School Superintendent,,,Write-In Totals,0
La Paz,062 Vicksburg,County School Superintendent,,,Total Votes,175
La Paz,062 Vicksburg,County Sheriff,,REP,William PONCE,151
La Paz,062 Vicksburg,County Sheriff,,IND,Donald SCHLECHT,42
La Paz,062 Vicksburg,County Sheriff,,,Write-In Totals,0
La Paz,062 Vicksburg,County Sheriff,,,Total Votes,193
La Paz,062 Vicksburg,County Treasurer,,REP,Leah CASTRO,177
La Paz,062 Vicksburg,County Treasurer,,,Write-In Totals,1
La Paz,062 Vicksburg,County Treasurer,,,Total Votes,178
La Paz,062 Vicksburg,Retain Justice-BOLICK,,,YES,138
La Paz,062 Vicksburg,Retain Justice-BOLICK,,,NO,31
La Paz,062 Vicksburg,Retain Justice-BOLICK,,,Total Votes,169
La Paz,062 Vicksburg,Retain Justice-KING,,,YES,144
La Paz,062 Vicksburg,Retain Justice-KING,,,NO,30
La Paz,062 Vicksburg,Retain Justice-KING,,,Total Votes,174
La Paz,062 Vicksburg,Retain Judge-FURUYA,,,YES,141
La Paz,062 Vicksburg,Retain Judge-FURUYA,,,NO,25
La Paz,062 Vicksburg,Retain Judge-FURUYA,,,Total Votes,166
La Paz,062 Vicksburg,PROPOSITION 133,,,YES,88
La Paz,062 Vicksburg,PROPOSITION 133,,,NO,98
La Paz,062 Vicksburg,PROPOSITION 133,,,Total Votes,186
La Paz,062 Vicksburg,PROPOSITION 134,,,YES,100
La Paz,062 Vicksburg,PROPOSITION 134,,,NO,83
La Paz,062 Vicksburg,PROPOSITION 134,,,Total Votes,183
La Paz,062 Vicksburg,PROPOSITION 135,,,YES,117
La Paz,062 Vicksburg,PROPOSITION 135,,,NO,75
La Paz,062 Vicksburg,PROPOSITION 135,,,Total Votes,192
La Paz,062 Vicksburg,PROPOSITION 136,,,YES,79
La Paz,062 Vicksburg,PROPOSITION 136,,,NO,108
La Paz,062 Vicksburg,PROPOSITION 136,,,Total Votes,187
La Paz,062 Vicksburg,PROPOSITION 137,,,YES,52
La Paz,062 Vicksburg,PROPOSITION 137,,,NO,139
La Paz,062 Vicksburg,PROPOSITION 137,,,Total Votes,191
La Paz,062 Vicksburg,PROPOSITION 138,,,YES,56
La Paz,062 Vicksburg,PROPOSITION 138,,,NO,137
La Paz,062 Vicksburg,PROPOSITION 138,,,Total Votes,193
La Paz,062 Vicksburg,PROPOSITION 139,,,YES,94
La Paz,062 Vicksburg,PROPOSITION 139,,,NO,96
La Paz,062 Vicksburg,PROPOSITION 139,,,Total Votes,190
La Paz,062 Vicksburg,PROPOSITION 140,,,YES,85
La Paz,062 Vicksburg,PROPOSITION 140,,,NO,104
La Paz,062 Vicksburg,PROPOSITION 140,,,Total Votes,189
La Paz,062 Vicksburg,PROPOSITION 311,,,YES,147
La Paz,062 Vicksburg,PROPOSITION 311,,,NO,40
La Paz,062 Vicksburg,PROPOSITION 311,,,Total Votes,187
La Paz,062 Vicksburg,PROPOSITION 312,,,YES,126
La Paz,062 Vicksburg,PROPOSITION 312,,,NO,64
La Paz,062 Vicksburg,PROPOSITION 312,,,Total Votes,190
La Paz,062 Vicksburg,PROPOSITION 313,,,YES,145
La Paz,062 Vicksburg,PROPOSITION 313,,,NO,49
La Paz,062 Vicksburg,PROPOSITION 313,,,Total Votes,194
La Paz,062 Vicksburg,PROPOSITION 314,,,YES,159
La Paz,062 Vicksburg,PROPOSITION 314,,,NO,33
La Paz,062 Vicksburg,PROPOSITION 314,,,Total Votes,192
La Paz,062 Vicksburg,PROPOSITION 315,,,YES,87
La Paz,062 Vicksburg,PROPOSITION 315,,,NO,95
La Paz,062 Vicksburg,PROPOSITION 315,,,Total Votes,182
La Paz,064 Quartzsite Three,Registered Voters,,,,852
La Paz,064 Quartzsite Three,Ballots Cast,,,,596
La Paz,064 Quartzsite Three,President,,REP,Donald J. TRUMP / JD VANCE,429
La Paz,064 Quartzsite Three,President,,DEM,Kamala D. HARRIS / Tim WALZ,161
La Paz,064 Quartzsite Three,President,,LBT,Chase OLIVER / Mike ter MATT,1
La Paz,064 Quartzsite Three,President,,GRN,Jill STEIN / Rudolph WARE,0
La Paz,064 Quartzsite Three,President,,,Write-In Totals,1
La Paz,064 Quartzsite Three,President,,,Total Votes,594
La Paz,064 Quartzsite Three,U.S. Senate,,REP,Kari LAKE,404
La Paz,064 Quartzsite Three,U.S. Senate,,DEM,Ruben GALLEGO,170
La Paz,064 Quartzsite Three,U.S. Senate,,GRN,Eduardo QUINTANA,5
La Paz,064 Quartzsite Three,U.S. Senate,,,Write-In Totals,1
La Paz,064 Quartzsite Three,U.S. Senate,,,Total Votes,580
La Paz,064 Quartzsite Three,U.S. House,9,REP,Paul Gosar,419
La Paz,064 Quartzsite Three,U.S. House,9,DEM,Quacy SMITH,152
La Paz,064 Quartzsite Three,U.S. House,9,,Write-In Totals,0
La Paz,064 Quartzsite Three,U.S. House,9,,Total Votes,571
La Paz,064 Quartzsite Three,State House,30,REP,Leo BIASIUCCI,298
La Paz,064 Quartzsite Three,State House,30,REP,John GILLETTE,383
La Paz,064 Quartzsite Three,State House,30,DEM,Monica TIMBERLAKE,152
La Paz,064 Quartzsite Three,State House,30,,Write-In Totals,0
La Paz,064 Quartzsite Three,State House,30,,Total Votes,833
La Paz,064 Quartzsite Three,Corporation Commissioner,,REP,Rene LOPEZ,330
La Paz,064 Quartzsite Three,Corporation Commissioner,,REP,Lea MARQUEZ PETERSON,320
La Paz,064 Quartzsite Three,Corporation Commissioner,,REP,Rachel WALDEN,378
La Paz,064 Quartzsite Three,Corporation Commissioner,,DEM,Ylenia AGUILAR,128
La Paz,064 Quartzsite Three,Corporation Commissioner,,DEM,Jonathon HILL,125
La Paz,064 Quartzsite Three,Corporation Commissioner,,DEM,Joshua POLACHECK,124
La Paz,064 Quartzsite Three,Corporation Commissioner,,GRN,Mike CEASE,11
La Paz,064 Quartzsite Three,Corporation Commissioner,,GRN,Nina LUXENBERG,15
La Paz,064 Quartzsite Three,Corporation Commissioner,,,Write-In Totals,0
La Paz,064 Quartzsite Three,Corporation Commissioner,,,Total Votes,1431
La Paz,064 Quartzsite Three,Board of Supervisors,3,REP,Holly IRWIN,457
La Paz,064 Quartzsite Three,Board of Supervisors,3,,Write-In Totals,2
La Paz,064 Quartzsite Three,Board of Supervisors,3,,Total Votes,596
La Paz,064 Quartzsite Three,County Assessor,,REP,Anna CAMACHO,411
La Paz,064 Quartzsite Three,County Assessor,,IND,Vivian HARTLESS,113
La Paz,064 Quartzsite Three,County Assessor,,,Write-In Totals,0
La Paz,064 Quartzsite Three,County Assessor,,,Total Votes,596
La Paz,064 Quartzsite Three,County Attorney,,REP,Rachel SHACKELFORD,458
La Paz,064 Quartzsite Three,County Attorney,,,Write-In Totals,0
La Paz,064 Quartzsite Three,County Attorney,,,Total Votes,458
La Paz,064 Quartzsite Three,County Recorder,,REP,Richard GARCIA,461
La Paz,064 Quartzsite Three,County Recorder,,,Write-In Totals,1
La Paz,064 Quartzsite Three,County Recorder,,,Total Votes,462
La Paz,064 Quartzsite Three,County School Superintendent,,REP,Dru WAGGONER,452
La Paz,064 Quartzsite Three,County School Superintendent,,,Write-In Totals,0
La Paz,064 Quartzsite Three,County School Superintendent,,,Total Votes,452
La Paz,064 Quartzsite Three,County Sheriff,,REP,William PONCE,450
La Paz,064 Quartzsite Three,County Sheriff,,IND,Donald SCHLECHT,100
La Paz,064 Quartzsite Three,County Sheriff,,,Write-In Totals,0
La Paz,064 Quartzsite Three,County Sheriff,,,Total Votes,550
La Paz,064 Quartzsite Three,County Treasurer,,REP,Leah CASTRO,470
La Paz,064 Quartzsite Three,County Treasurer,,,Write-In Totals,0
La Paz,064 Quartzsite Three,County Treasurer,,,Total Votes,470
La Paz,064 Quartzsite Three,Retain Justice-BOLICK,,,YES,332
La Paz,064 Quartzsite Three,Retain Justice-BOLICK,,,NO,125
La Paz,064 Quartzsite Three,Retain Justice-BOLICK,,,Total Votes,457
La Paz,064 Quartzsite Three,Retain Justice-KING,,,YES,337
La Paz,064 Quartzsite Three,Retain Justice-KING,,,NO,125
La Paz,064 Quartzsite Three,Retain Justice-KING,,,Total Votes,462
La Paz,064 Quartzsite Three,Retain Judge-FURUYA,,,YES,340
La Paz,064 Quartzsite Three,Retain Judge-FURUYA,,,NO,117
La Paz,064 Quartzsite Three,Retain Judge-FURUYA,,,Total Votes,457
La Paz,064 Quartzsite Three,Quartzsite Elem School Board,,,Brenda BURKS,245
La Paz,064 Quartzsite Three,Quartzsite Elem School Board,,,Kianie KING,186
La Paz,064 Quartzsite Three,Quartzsite Elem School Board,,,Tomi PECINI,179
La Paz,064 Quartzsite Three,Quartzsite Elem School Board,,,Sandra RAMSEY,262
La Paz,064 Quartzsite Three,Quartzsite Elem School Board,,,Write-In Totals,1
La Paz,064 Quartzsite Three,Quartzsite Elem School Board,,,Total Votes,873
La Paz,064 Quartzsite Three,PROPOSITION 133,,,YES,240
La Paz,064 Quartzsite Three,PROPOSITION 133,,,NO,283
La Paz,064 Quartzsite Three,PROPOSITION 133,,,Total Votes,523
La Paz,064 Quartzsite Three,PROPOSITION 134,,,YES,276
La Paz,064 Quartzsite Three,PROPOSITION 134,,,NO,245
La Paz,064 Quartzsite Three,PROPOSITION 134,,,Total Votes,521
La Paz,064 Quartzsite Three,PROPOSITION 135,,,YES,279
La Paz,064 Quartzsite Three,PROPOSITION 135,,,NO,249
La Paz,064 Quartzsite Three,PROPOSITION 135,,,Total Votes,528
La Paz,064 Quartzsite Three,PROPOSITION 136,,,YES,215
La Paz,064 Quartzsite Three,PROPOSITION 136,,,NO,293
La Paz,064 Quartzsite Three,PROPOSITION 136,,,Total Votes,508
La Paz,064 Quartzsite Three,PROPOSITION 137,,,YES,114
La Paz,064 Quartzsite Three,PROPOSITION 137,,,NO,399
La Paz,064 Quartzsite Three,PROPOSITION 137,,,Total Votes,513
La Paz,064 Quartzsite Three,PROPOSITION 138,,,YES,137
La Paz,064 Quartzsite Three,PROPOSITION 138,,,NO,391
La Paz,064 Quartzsite Three,PROPOSITION 138,,,Total Votes,528
La Paz,064 Quartzsite Three,PROPOSITION 139,,,YES,282
La Paz,064 Quartzsite Three,PROPOSITION 139,,,NO,267
La Paz,064 Quartzsite Three,PROPOSITION 139,,,Total Votes,549
La Paz,064 Quartzsite Three,PROPOSITION 140,,,YES,252
La Paz,064 Quartzsite Three,PROPOSITION 140,,,NO,275
La Paz,064 Quartzsite Three,PROPOSITION 140,,,Total Votes,527
La Paz,064 Quartzsite Three,PROPOSITION 311,,,YES,414
La Paz,064 Quartzsite Three,PROPOSITION 311,,,NO,118
La Paz,064 Quartzsite Three,PROPOSITION 311,,,Total Votes,532
La Paz,064 Quartzsite Three,PROPOSITION 312,,,YES,347
La Paz,064 Quartzsite Three,PROPOSITION 312,,,NO,174
La Paz,064 Quartzsite Three,PROPOSITION 312,,,Total Votes,521
La Paz,064 Quartzsite Three,PROPOSITION 313,,,YES,399
La Paz,064 Quartzsite Three,PROPOSITION 313,,,NO,142
La Paz,064 Quartzsite Three,PROPOSITION 313,,,Total Votes,541
La Paz,064 Quartzsite Three,PROPOSITION 314,,,YES,433
La Paz,064 Quartzsite Three,PROPOSITION 314,,,NO,105
La Paz,064 Quartzsite Three,PROPOSITION 314,,,Total Votes,538
La Paz,064 Quartzsite Three,PROPOSITION 315,,,YES,270
La Paz,064 Quartzsite Three,PROPOSITION 315,,,NO,242
La Paz,064 Quartzsite Three,PROPOSITION 315,,,Total Votes,512
